965
57344
56448
119
34111
782
900
10240
4
10368
6399199
805306368
70000
64680
48510
42336
8826131
103680
66528
2097152
2160
42755209
2250
546750
9600
16800
63
8960
20160
10710
52416
622080
67500
4896
94
21840
20592
291600
994617
83160
900360029
36
999999999
73728
7390
49280
122880
109
3120
810
8772
70560
10000
53940
80
49152
83
80949857
42105
75264
145800
2720
214573
21384
36283838
64922375
420
8976
50
1824
128
85050
281250
84000
8400
13680
625433749
1680
57624
3375
688978813
136080
172800
126
504
97
75
5297
268800
22848
16200
8424
938017885
4675
161280
432255
518400
2310
54600
11232
84
6720
5250
8064
55296
7128
103
33108
38880
957262828
700
84579
362
20736
8015864
5016
7200
170100
282791
1056
816
6750
587234
7897861
91
108864
39936
1000000
93
16128
388800
8000
85
14700
546
81000
10260
466560
665
256000
23040
90720
24576
2592
13122
33401221
35
192
87480
1960
28512
106
47520
768
123
519
57
11340
22464
69984
11000
23115571
9827
74
301056
4943
19800
105000
67200
476014
25600
1728
196608
29
99
3168
2431
33600
8748
1512
20328
18432
11
300
36864
281
14
70200
95040
120000
102060
3696
10500
2025
630
1500
245760
904152917
989447237
33696
48384
2560
491520
127
23232
3780
517759
1764
147456
107520
142884
201600
673921
29250
43200
49920
12288
5280
98415
58
98
64
115200
25920
3024
2707
51
4704
5304
47958485
32076
169344
559
4560
243000
200000
58800
7296
7560
999999937
4480
7056
18
53760
145152
29400
168960
41472
1048576
241920
336000
3157819
14400
949106497
6400
23100
26460
47040
27000
362880
54880
7785
45
4536
17920
3510
1260
79
969
19656
192000
15120
61740
221184
2304
1386
641
4788
59136
25002
74088
114688
17550
28000
76
15390
3645
19008
47473
633
104
110250
27216
70235461
34848
19200
46
21600
67
60000
122877509
31200
294912
262440
70400
21952
5
15750
31752
7680
44550
3960
10560
320
52
473
22
9489
17640
32805
393216
78750
2736
116640
78
6552
5200
11085765
204120
49896
482421315
40
99840
13500
699840
15552
112000
4733
71280
43740
31104
194400
5601
207360
16
64800
15680
27720
5044
64512
85536
345600
165888
52920
86400
288
225792
79548
48600
38400
1530
90
72900
94500
12000
8660
230400
29700
322081025
32
32000
432000
105840
13860
8640
45360
110
314928
34020
98304
14560
460800
21
172032
50544
14688
81648
3264
567
116
8100
124416
12870
813
7500
28
18816
9000
364500
35280
12960
37800
17820
54000
300000
5760
68
97200
184320
5721
88
2600
9180
15876
68040
5600
194241
12544
107
216000
2688
19440
108
37440
2268
916855204
118800
101250
162000
12150
126720
94770
2340
12672
373248
102
13230
4800
2940
27456
49500
391
37
226151256
96228
66
375000
112
2640
9504
108000
59
395
3528
311040
11016
86
21000
211680
12348
7389
233280
62208
63360
19
32256
164640
100800
1440
1890
13440
501
105
31590
49
27184698
3371
8208
8087519
135000
3456
21504
38497
8448
6
3864
87
163296
998506315
29952
76032
17280
2016
89600
18720
176400
4620
259200
21870
73
69
13056
54432
11264
12240
92160
6541551
151200
32768
240000
38016
14336
56
30
82268566
360000
72
24300
9
150528
40320
61440
442368
9450
21383
2352
96000
15840
23
104976
35640
8347
14112
792
28672
340200
24750
9100
1008
15
56160
24000
118272
2400
17424
16000
48000
70
1100
655360
448
52488
5361
7040
3584
122
34560
135
5940
44800
174960
62
51840
16224
30240
226800
5616
141120
981028563
53
5346
2403381
583200
16524
2880
65536
127008
468
4160
2000
1249
82944
50000
1000000000
32670
6037
15288
5520
646
7920
112896
92317161
16464
157464
89
2200
5400
33
17136
31680
2618049
94080
67893369
28080
39600
50400
24480
7
672
552960
72576
132000
120
5120
71805
2906162
640
3312
26
2100
79200
15400
922505446
209952
131
110592
17
3240
46464
660
393660
1323
40950
4032
2070
48
67584
4608
474
40960
3900
81920
8316
653477439
9800
405000
8372259
621008
49000
3360
22680
998244353
236250
4752
105600
69120
118
180000
95
34
324000
1600
10800
18240
697106497
4320
25
244944
5808
414720
13824
95256
74880
4539685
4410
5184
131220
3072
129600
7455307
217728
961175759
155520
28800
32400
80640
113
32640
696
589833267
23400
934
1632
926315427
16380
8550
4158
65
59400
118263990
614400
457481
96768
34944
5625
524288
964532929
38
64152
47
60
84240
3509575
480000
276480
3564
72000
56700
42120
983900459
7392
96
12800
33792
61966
9425
9409159
131980
7776
77760
153600
7290
18000
41580
270000
1920
2730
1615
35100
987
144000
85881
8
193
5824
58054077
9900
302400
57600
1620
6804
20000
6480
69888
125
248832
22950
13
4312
322560
44
20480
33750
93312
179200
139968
63180
6300
42768
29160
252000
864
368640
999999998
101
1001604
4488
22500
76800
725573
306180
46080
91857
396
24
88704
4050
78000
128000
5767201
4000
86016
1701
42
43680
44928
1848
26880
224
60480
272160
6840
2156
30973
1001
30030
47628
1817
58320
1904
23760
4655
57024
349920
6075
4725
216
111
45000
18480
1215
331776
3000
25200
25490988
198450
986129769
4680
75600
307200
6000
196830
132300
12768
193536
2376
787320
9408
954158175
121
2
257
430080
54
100696425
510205
361
5376
786432
4200
2520
81
142560
6930
43
3
202500
912
408240
123480
189
9240
21168
235200
48238
2430
10752
5073
49392
170
92
1520
92400
279936
5000
115248
576
42000
7025
7938
1836
138240
40824
10
65610
180
84480
536870912
24696
52800
8250
1
1134
524880
1584
24192
1800
3600
133650
124
3888
89100
85712697
31
8320
23328
160
459270
5040
11664
346742385
66150
323
486000
63000
31500
36960
77
163840
150000
181440
182250
50688
215040
41600
63504
115
51030
1741
16320
4374
540
168000
14040
5657
134400
129024
10080
12096
186624
4914
35503
29120
8624
29484
472392
55
117
71
409342369
9216
327680
129
441
746803744
1944
125440
6765
99000
288000
34300
1671
20
22176
30720
967669583
