960
72900
112896
15400
3168
115248
128
162000
113
336000
3240
47473
432255
375000
28
92317161
981028563
84240
10080
2560
4560
3509575
5361
66528
99
31590
135
18816
165888
1615
2618049
20592
21000
281
34944
900360029
21840
124416
1824
77
49000
47
486000
964532929
8015864
474
388800
34
11340
14400
969
19
614400
1001604
25490988
80949857
25002
49
8640
491520
123
106
3584
4200
78000
20328
322081025
2688
123480
1520
559
61966
15552
97
3900
17820
6765
64922375
133650
12348
472392
124
44928
17280
48000
2880
135000
4655
144000
24000
118
244944
8064
665
226151256
67584
83160
21384
64
2376
786432
99000
235200
31200
8660
184320
90720
5400
56448
198450
48238
201600
35
50688
50544
69888
115
75264
27000
82268566
19656
145800
696
84
16128
196608
813
129600
288000
23760
699840
11264
36
122880
52920
84000
23400
345600
633
24192
65536
134400
4788
160
8000
57024
5824
33792
30973
41600
15390
805306368
33
34020
391
2268
7128
142560
5767201
236250
340200
179200
31104
23100
78
18
48510
7455307
120000
8400
45360
44550
7200
957262828
473
127008
2025
21
999999999
182250
33401221
84579
9216
75
3600
3264
70560
961175759
8550
71280
482421315
76800
10260
96000
42768
938017885
5721
16
10752
364500
55296
4704
16800
276480
13860
13680
396
157464
35100
43200
1260
4896
8960
176400
32768
131980
10710
1056
6750
52
7389
105840
17136
546750
34848
10800
5044
85536
202500
501
224
24480
30
361
31752
55
441
46
393216
29484
172032
30240
4608
42755209
5808
22680
17550
5625
987
192
300
7500
31680
161280
4675
8424
129
420
116640
168000
81920
25920
12544
6300
35640
181440
8087519
11232
84480
98
510205
111
373248
5346
302400
69
11016
900
2070
1620
225792
3360
19008
169344
36864
288
2940
1904
94500
53760
457481
395
989447237
314928
29120
5073
110250
567
8320
17920
107
810
40
131
16200
43
22464
86
13824
138240
103680
67200
300000
16320
306180
576
14040
10500
128000
4539685
5040
32256
9450
2156
10
323
4160
18432
697106497
1
19440
6037
12800
640
3375
56
4158
1848
51840
28672
9240
15680
10000
16524
47520
2707
660
39600
186624
1512
1632
33108
58800
8826131
257
117
63504
15120
4800
4050
912
40320
8316
52488
9
1960
7938
3312
73
13230
168960
746803744
621008
93
125440
58054077
259200
80
97200
864
3564
7296
44800
1671
116
91857
2100
540
211680
459270
466560
37800
76032
94
150000
8347
476014
307200
28000
126
524288
53
782
139968
92
63180
14112
524880
15876
12768
57624
194241
79548
108864
29400
6000
21870
8208
11000
92160
122
71805
349920
23040
29952
65
94770
2304
102
5280
51030
118800
2340
3528
2600
226800
196830
103
20000
132000
460800
346742385
12288
368640
142884
72
83
89100
67500
4536
583200
66
38
32076
17
40824
2
25200
1048576
1100
193536
14
59
63360
70
3024
9600
121
405000
104
294912
109
54
1530
5200
2906162
17424
14336
32400
1944
442368
216000
3072
792
44
180
73728
85881
62208
5376
5184
57344
926315427
2016
589833267
1386
13056
54432
6399199
641
88704
39936
324000
5616
552960
50400
68040
28080
673921
67893369
174960
311040
243000
54880
150528
70200
12150
8772
3510
27720
38497
27216
4000
85
983900459
1001
75600
2200
409342369
7560
18720
131220
91
45
209952
430080
41580
85712697
2400
7392
12000
16464
42336
8448
189
67
82944
12672
60000
15288
37440
3780
96228
8
207360
9827
96
230400
16224
112000
252000
9000
49920
57600
49152
5000
2403381
59136
5520
38400
27456
51
2736
25600
8372259
5250
5760
50000
1000000000
62
256000
94080
30720
518400
517759
5600
27184698
112
85050
8250
98415
101
64800
69120
7390
79
480000
536870912
622080
70400
15750
7776
4312
672
653477439
281250
49392
291600
5120
504
15840
1701
3960
6804
16380
6552
163840
22500
49896
72000
1890
241920
60
46464
105000
904152917
331776
122877509
934
60480
8748
26880
9180
4410
86400
700
32670
998506315
1800
63
31
393660
79200
954158175
118272
7680
48600
248832
14700
87
71
119
180000
4752
10368
147456
93312
92400
625433749
57
14560
204120
155520
6
270000
916855204
2720
1584
448
3000
630
87480
120
21383
216
688978813
38016
108000
28800
7025
1000000
19800
8976
76
65610
2310
1600
23115571
221184
32805
34300
102060
240000
21600
14688
58320
89600
34560
80640
4
28512
12960
1920
2160
129024
20736
949106497
998244353
2250
9800
40950
101250
56700
5304
9425
519
96768
42120
5940
54000
193
37
16000
12096
64512
74088
151200
118263990
3645
646
11
4943
1323
43740
52800
8100
468
1741
1680
2097152
81648
56160
21168
18480
10240
3120
18240
132300
72576
125
5601
7040
362880
4725
2730
89
655360
2520
816
20480
7
12240
4733
170
29160
5297
54600
35503
23232
61440
100800
47040
127
967669583
725573
45000
61740
9504
414720
1728
24300
1249
24576
9100
2352
25
86016
994617
90
30030
107520
48
272160
18000
233280
768
6840
46080
6720
68
587234
99840
1817
7290
22950
6075
20160
4914
21504
42000
12870
153600
5
6480
3456
322560
74
33750
26460
7056
8624
986129769
32000
3157819
32640
105600
327680
19200
115200
100696425
66150
787320
49500
59400
2431
110592
64152
24696
126720
194400
42
6400
74880
41472
432000
53940
1836
104976
4620
192000
3
34111
47958485
217728
40960
81
47628
13440
48384
9489
35280
26
70000
95040
2000
4320
4680
32
279936
9409159
268800
88
546
2640
33600
164640
6930
69984
301056
360000
3696
10560
13
23
13122
200000
9900
1134
81000
136080
70235461
3371
38880
145152
43680
1764
95
64680
95256
1440
105
214573
7897861
78750
11664
4480
49280
29
29250
17640
22
172800
999999998
36283838
4488
6541551
21952
1215
31500
24
24750
163296
170100
2430
110
4374
3864
13500
108
5657
7785
50
141120
114688
262440
408240
15
33696
922505446
999999937
22848
77760
9408
1500
2592
362
282791
4032
63000
58
7920
1008
215040
23328
29700
98304
245760
20
22176
42105
11085765
