7
100
576 485 561 546 256 156 463 905 524 652 633 792 237 955 365 980 453 602 71 126 625 404 223 670 882 759 909 852 642 529 411 271 106 734 235 599 126 610 505 739 559 177 215 764 899 891 974 32 783 202 814 932 866 565 258 149 322 563 616 575 455 744 774 635 894 443 673 40 169 615 528 711 209 937 71 945 462 182 860 115 184 999 484 709 331 198 817 861 574 721 466 102 128 186 321 973 631 164 949 335 
100
285 29 597 286 525 740 95 267 979 841 124 679 707 116 183 495 904 791 549 223 67 858 87 782 996 557 297 609 514 838 277 551 426 702 525 803 110 242 301 535 299 65 148 955 302 885 221 520 184 399 990 211 576 807 725 58 560 359 385 27 9 850 320 844 122 888 121 917 780 364 432 367 203 43 213 38 133 322 894 200 806 597 396 826 85 753 45 997 503 126 799 773 46 756 901 918 879 910 894 942 
100
810 68 492 866 25 478 771 637 282 347 250 201 249 721 897 922 798 270 38 320 342 230 546 337 882 360 386 931 594 465 452 574 59 275 158 377 293 428 362 745 146 262 449 870 284 467 819 678 26 440 257 215 464 499 271 45 866 246 941 918 383 555 607 322 999 569 476 584 409 473 15 400 825 153 505 728 809 396 362 659 629 377 748 305 998 686 345 11 366 233 308 616 103 723 336 610 21 203 657 629 
100
651 790 824 170 674 136 949 585 468 977 56 18 41 914 45 243 84 259 454 155 931 813 950 841 946 469 864 772 77 211 306 155 706 915 348 61 524 862 403 313 566 88 431 8 729 28 302 674 334 104 925 2 488 810 244 194 616 250 666 655 550 487 523 275 301 939 461 52 333 113 273 216 72 774 239 91 560 643 12 808 430 214 611 399 490 465 970 203 123 846 581 718 263 873 186 725 7 472 436 941 
100
299 534 413 936 63 64 472 155 508 12 795 342 292 489 480 850 676 755 677 654 3 611 612 426 312 978 605 812 669 499 700 100 13 920 716 911 324 101 995 717 892 189 874 96 852 734 701 514 906 504 503 852 43 987 387 714 413 166 21 297 503 568 83 14 684 59 339 155 234 311 351 856 633 92 654 179 181 283 926 726 934 238 705 708 711 258 671 233 826 673 192 953 558 448 908 868 787 467 858 149 
100
236 424 570 757 916 541 349 207 448 243 508 23 984 934 81 25 434 85 378 321 917 470 799 909 832 453 877 401 236 739 856 487 190 332 798 727 348 86 560 422 751 250 364 902 716 242 143 712 878 247 164 515 867 847 696 220 816 491 224 710 264 596 500 712 179 382 341 756 62 25 298 873 859 271 751 590 463 346 705 919 121 946 866 401 544 46 459 216 662 89 754 427 4 627 909 954 806 351 823 980 
100
654 781 515 637 102 791 71 251 245 306 23 28 596 290 771 364 843 425 7 884 746 785 411 309 777 745 676 87 165 60 417 602 969 39 952 265 376 29 524 719 956 823 130 104 683 431 61 208 689 721 718 707 252 774 706 833 990 703 582 600 537 185 206 253 592 745 313 494 358 404 280 688 406 353 929 709 921 577 738 532 134 4 684 696 616 521 1000 35 775 129 265 994 431 17 525 301 292 63 79 605 
